 -0.979575  -0.109638  -0.168561  1000   1
 -0.857087   0.197357  -0.475870  3000   1
 -0.338019   0.391120   0.856019  3000   1
  0.345037   0.892492  -0.290531  3000   1
  0.200533  -0.965192   0.167902  1000   1
  0.500090  -0.838831  -0.215111  3000   1
  0.009473  -0.526676   0.850013  3000   1
 -0.610176  -0.543171  -0.576759  3000   1
  0.057925   0.376503   0.924603  1000   1
  0.960662   0.127183  -0.246885  3000   1
  0.516398   0.200127  -0.832636  3000   1
  0.482369   0.197851  -0.853332  1000   1
  0.025766   0.914595   0.403550  3000   1
  0.501108  -0.698825   0.510426  3000   1
 -0.246527  -0.241520  -0.938559  3000   1
 -0.631948   0.402446  -0.662328  1000   1
 -0.864009   0.421384   0.275542  3000   1
 -0.677632  -0.734371  -0.038897  3000   1
  0.492047  -0.185476   0.850581  3000   1
 -0.477273  -0.810933  -0.338523  1000   1
 -0.166667   0.966521  -0.195086  3000   1
 -0.696399  -0.545245   0.466621  3000   1
  0.709711  -0.457751  -0.535513  1000   1
  0.951957   0.218517   0.214542  3000   1
  0.127443  -0.598531  -0.790898  3000   1
  0.831657  -0.555264   0.005354  3000   1
  0.244990   0.848325  -0.469387  1000   1
 -0.256409  -0.113905   0.959833  3000   1
 -0.022293   0.755527  -0.654738  3000   1
  0.488020   0.834568   0.255604  3000   1
  0.908196   0.344819  -0.237233  1000   1
  0.811504  -0.247784  -0.529211  3000   1
  0.692457   0.279669   0.665047  3000   1
 -0.480334   0.848347   0.222681  1000   1
 -0.483475   0.738064   0.470652  3000   1
 -0.493974   0.484827  -0.721756  3000   1
 -0.136382  -0.985037   0.105365  3000   1
  0.248945  -0.390902   0.886128  1000   1
 -0.722406  -0.277916   0.633160  3000   1
 -0.186127  -0.537045  -0.822763  3000   1
 -0.999922  -0.012442   0.000626  3000   1
 -0.552417  -0.457641  -0.696707  1000   1
 -0.452846   0.852321  -0.261686  3000   1
  0.025710   0.045414   0.998637  3000   1
  0.896481  -0.331129   0.294407  1000   1
  0.807278   0.565421  -0.169117  3000   1
 -0.879842   0.401526  -0.254274  3000   1
 -0.255787  -0.619037   0.742540  3000   1
 -0.623711  -0.543992   0.561300  1000   1
  0.380935   0.665991   0.641361  3000   1
 -0.604063   0.325568   0.727402  3000   1
  0.246553  -0.913930  -0.322404  3000   1
  0.311361  -0.685660  -0.657971  1000   1
  0.716459   0.000550   0.697629  3000   1
  0.481840   0.703412  -0.522535  3000   1
  0.256758   0.965581  -0.041575  1000   1
 -0.820134  -0.393411  -0.415462  3000   1
 -0.264620   0.380694  -0.886030  3000   1
 -0.218232  -0.959151  -0.180012  3000   1
  0.060722   0.060774  -0.996303  1000   1
  0.698217  -0.025017  -0.715449  3000   1
  0.700929  -0.659980   0.270415  3000   1
  0.218223  -0.167473  -0.961422  3000   1
 -0.808604   0.581679   0.088370  1000   1
 -0.940626  -0.335551   0.051264  3000   1
 -0.029431  -0.924199   0.380775  3000   1
  0.795441   0.060423   0.603011  1000   1
 -0.206243   0.786192   0.582551  3000   1
  0.957952  -0.286840  -0.007150  3000   1
 -0.498866  -0.116268  -0.858845  3000   1
 -0.801085  -0.024156   0.598063  1000   1
  0.266753   0.381185  -0.885179  3000   1
  0.683717  -0.515756  -0.516263  3000   1
 -0.628633   0.777131  -0.029787  3000   1
 -0.225293   0.768111  -0.599374  1000   1
  0.843571   0.516169   0.148178  3000   1
 -0.603156  -0.757277   0.250469  3000   1
  0.161293   0.724798   0.669815  1000   1
  0.683146  -0.280632   0.674209  3000   1
 -0.083893  -0.755634  -0.649600  3000   1
 -0.862954  -0.048748   0.502926  3000   1
 -0.663244  -0.737173   0.129166  1000   1
  0.246124  -0.845034   0.474700  3000   1
 -0.067377   0.992179   0.105076  3000   1
  0.008727  -0.254321   0.967080  3000   1
 -0.421772   0.272544   0.864771  1000   1
 -0.875210  -0.104578  -0.472305  3000   1
 -0.016282   0.367379   0.929929  3000   1
  0.596956  -0.742147   0.304731  1000   1
  0.433674   0.900792  -0.022359  3000   1
  0.515472   0.472514  -0.714856  3000   1
 -0.712773   0.654105   0.253183  3000   1
  0.815358   0.506311   0.280786  1000   1
  0.450154   0.404140   0.796261  3000   1
  0.964381  -0.097767   0.245787  3000   1
 -0.268380   0.644796  -0.715689  3000   1
 -0.427232  -0.048425  -0.902844  1000   1
  0.428072  -0.585312  -0.688596  3000   1
 -0.669404  -0.658963  -0.343026  3000   1
 -0.182179  -0.551882   0.813779  1000   1
 -0.948441   0.155928   0.275945  3000   1
  0.347338  -0.937708  -0.007785  3000   1
 -0.267857   0.074563  -0.960569  3000   1
  0.964298  -0.160078  -0.210961  1000   1
  0.859693   0.348867  -0.373123  3000   1
 -0.479196   0.096503   0.872386  3000   1
 -0.718907   0.492545  -0.490482  3000   1
  0.042249  -0.948076  -0.315224  1000   1
  0.305511   0.838090   0.451960  3000   1
 -0.228310  -0.812033   0.537101  3000   1
