 -0.979575  -0.109638  -0.168561  1000   1
 -0.857087   0.197357  -0.475870  3000   1
 -0.338019   0.391120   0.856019  3000   1
  0.345037   0.892492  -0.290531  3000   1
  0.200533  -0.965192   0.167902  1000   1
  0.500090  -0.838831  -0.215111  3000   1
  0.009473  -0.526676   0.850013  3000   1
 -0.610176  -0.543171  -0.576759  3000   1
  0.057925   0.376503   0.924603  1000   1
  0.960662   0.127183  -0.246885  3000   1
  0.516398   0.200127  -0.832636  3000   1
  0.482369   0.197851  -0.853332  1000   1
  0.025766   0.914595   0.403550  3000   1
  0.501108  -0.698825   0.510426  3000   1
 -0.246527  -0.241520  -0.938559  3000   1
 -0.631948   0.402446  -0.662328  1000   1
 -0.864009   0.421384   0.275542  3000   1
 -0.677632  -0.734371  -0.038897  3000   1
  0.492047  -0.185476   0.850581  3000   1
 -0.477273  -0.810933  -0.338523  1000   1
 -0.166667   0.966521  -0.195086  3000   1
 -0.696399  -0.545245   0.466621  3000   1
  0.709711  -0.457751  -0.535513  1000   1
  0.951957   0.218517   0.214542  3000   1
  0.127443  -0.598531  -0.790898  3000   1
  0.831657  -0.555264   0.005354  3000   1
  0.244990   0.848325  -0.469387  1000   1
 -0.256409  -0.113905   0.959833  3000   1
 -0.022293   0.755527  -0.654738  3000   1
  0.488020   0.834568   0.255604  3000   1
  0.908196   0.344819  -0.237233  1000   1
  0.811504  -0.247784  -0.529211  3000   1
  0.692457   0.279669   0.665047  3000   1
 -0.480334   0.848347   0.222681  1000   1
 -0.483475   0.738064   0.470652  3000   1
 -0.493974   0.484827  -0.721756  3000   1
 -0.136382  -0.985037   0.105365  3000   1
  0.248945  -0.390902   0.886128  1000   1
 -0.722406  -0.277916   0.633160  3000   1
 -0.186127  -0.537045  -0.822763  3000   1
 -0.999922  -0.012442   0.000626  3000   1
 -0.552417  -0.457641  -0.696707  1000   1
 -0.452846   0.852321  -0.261686  3000   1
  0.025710   0.045414   0.998637  3000   1
  0.896481  -0.331129   0.294407  1000   1
  0.807278   0.565421  -0.169117  3000   1
 -0.879842   0.401526  -0.254274  3000   1
 -0.255787  -0.619037   0.742540  3000   1
 -0.623711  -0.543992   0.561300  1000   1
  0.380935   0.665991   0.641361  3000   1
 -0.604063   0.325568   0.727402  3000   1
  0.246553  -0.913930  -0.322404  3000   1
  0.311361  -0.685660  -0.657971  1000   1
  0.716459   0.000550   0.697629  3000   1
  0.481840   0.703412  -0.522535  3000   1
