  0.256758   0.965581  -0.041575  1000   1
 -0.820134  -0.393411  -0.415462  3000   1
 -0.264620   0.380694  -0.886030  3000   1
 -0.218232  -0.959151  -0.180012  3000   1
  0.060722   0.060774  -0.996303  1000   1
  0.698217  -0.025017  -0.715449  3000   1
  0.700929  -0.659980   0.270415  3000   1
  0.218223  -0.167473  -0.961422  3000   1
 -0.808604   0.581679   0.088370  1000   1
 -0.940626  -0.335551   0.051264  3000   1
 -0.029431  -0.924199   0.380775  3000   1
  0.795441   0.060423   0.603011  1000   1
 -0.206243   0.786192   0.582551  3000   1
  0.957952  -0.286840  -0.007150  3000   1
 -0.498866  -0.116268  -0.858845  3000   1
 -0.801085  -0.024156   0.598063  1000   1
  0.266753   0.381185  -0.885179  3000   1
  0.683717  -0.515756  -0.516263  3000   1
 -0.628633   0.777131  -0.029787  3000   1
 -0.225293   0.768111  -0.599374  1000   1
  0.843571   0.516169   0.148178  3000   1
 -0.603156  -0.757277   0.250469  3000   1
  0.161293   0.724798   0.669815  1000   1
  0.683146  -0.280632   0.674209  3000   1
 -0.083893  -0.755634  -0.649600  3000   1
 -0.862954  -0.048748   0.502926  3000   1
 -0.663244  -0.737173   0.129166  1000   1
  0.246124  -0.845034   0.474700  3000   1
 -0.067377   0.992179   0.105076  3000   1
  0.008727  -0.254321   0.967080  3000   1
 -0.421772   0.272544   0.864771  1000   1
 -0.875210  -0.104578  -0.472305  3000   1
 -0.016282   0.367379   0.929929  3000   1
  0.596956  -0.742147   0.304731  1000   1
  0.433674   0.900792  -0.022359  3000   1
  0.515472   0.472514  -0.714856  3000   1
 -0.712773   0.654105   0.253183  3000   1
  0.815358   0.506311   0.280786  1000   1
  0.450154   0.404140   0.796261  3000   1
  0.964381  -0.097767   0.245787  3000   1
 -0.268380   0.644796  -0.715689  3000   1
 -0.427232  -0.048425  -0.902844  1000   1
  0.428072  -0.585312  -0.688596  3000   1
 -0.669404  -0.658963  -0.343026  3000   1
 -0.182179  -0.551882   0.813779  1000   1
 -0.948441   0.155928   0.275945  3000   1
  0.347338  -0.937708  -0.007785  3000   1
 -0.267857   0.074563  -0.960569  3000   1
  0.964298  -0.160078  -0.210961  1000   1
  0.859693   0.348867  -0.373123  3000   1
 -0.479196   0.096503   0.872386  3000   1
 -0.718907   0.492545  -0.490482  3000   1
  0.042249  -0.948076  -0.315224  1000   1
  0.305511   0.838090   0.451960  3000   1
 -0.228310  -0.812033   0.537101  3000   1
